mse =

  single

  1.2311e-04


mae =

  single

    0.0078


R =

  2×2 single 矩阵

    1.0000    0.9989
    0.9989    1.0000

R squared value: 0.99725