mse =

  single

  1.0004e-04


mae =

  single

    0.0072


R =

  2×2 single 矩阵

    1.0000    0.9994
    0.9994    1.0000

R squared value: 0.99851