mse =

  single

    0.0019


mae =

  single

    0.0371


R =

  2×2 single 矩阵

    1.0000    0.9979
    0.9979    1.0000