mse =

  single

  2.2254e-04


mae =

  single

    0.0117


R =

  2×2 single 矩阵

    1.0000    0.9992
    0.9992    1.0000